3
5
6
7
9
11
13
15
15
18
19
19
22
23
25
26
28
30
31
31
34
35
37
38
39
41
42
43
45
46
47
49
50
51
52
54
55
56
58
59
60
61
63
63
65
67
67
69
69
71
72
73
74
75
76
77
78
79
80
81
82
83
85
85
87
87
88
90
91
91
93
94
94
95
95
97
98
99
100
101
101
102
103
104
105
106
107
108
108
109
110
111
111
112
113
114
115
116
117
117
118
119
120
121
121
122
123
123
124
125
126
127
127
128
128
129
129
131
131
132
133
133
134
135
135
136
136
137
138
139
139
140
141
141
142
142
143
143
143
145
145
146
146
146
147
148
148
149
149
150
151
151
152
152
153
153
153
154
154
155
156
156
157
157
158
158
159
159
159
160
161
161
161
161
162
162
163
163
164
164
165
165
166
166
166
167
167
167
167
168
169
169
170
170
170
171
171
172
172
172
172
173
173
174
174
175
175
175
175
175
175
177
176
177
177
178
178
178
179
179
179
180
179
180
181
181
181
182
182
182
183
183
183
184
184
183
184
184
185
185
185
185
186
186
186
187
187
187
188
187
188
188
189
189
189
189
189
189
190
190
190
190
191
191
191
192
192
192
193
193
193
193
193
193
194
194
194
193
195
195
194
195
195
195
195
196
196
195
197
197
197
197
198
197
197
197
198
198
198
198
198
198
199
199
199
199
200
200
200
200
200
200
201
201
201
201
201
202
202
201
201
202
202
203
202
202
202
203
203
203
203
203
203
203
204
204
204
204
204
204
204
205
205
205
205
205
205
206
205
206
206
207
206
206
206
207
207
206
207
207
207
207
207
207
208
208
208
208
208
207
208
208
208
208
209
209
209
209
209
209
209
210
208
207
206
205
204
202
202
201
200
199
198
197
196
194
194
193
192
192
190
189
188
187
187
186
185
184
183
182
181
181
179
179
178
177
176
176
175
174
173
172
171
170
170
168
168
167
166
165
165
165
164
163
162
162
161
160
160
158
158
158
156
157
156
154
154
154
153
152
151
151
150
149
149
149
148
148
147
146
146
145
144
144
144
143
142
141
141
140
140
139
139
138
138
138
137
136
136
135
135
134
134
133
132
132
132
131
131
130
130
129
128
128
128
127
126
126
126
126
125
125
124
124
124
122
122
122
122
121
121
120
120
120
119
119
119
118
118
118
117
116
116
116
115
115
115
114
114
113
113
113
113
112
112
112
111
111
110
110
110
110
110
109
109
108
108
108
108
108
107
107
106
106
106
106
105
105
104
104
104
104
103
103
103
103
103
102
101
101
101
101
101
100
100
100
100
99
100
99
98
98
98
98
98
98
97
97
97
96
96
96
96
95
96
95
95
96
95
94
94
94
94
94
93
93
93
93
93
92
92
92
92
92
92
91
92
91
90
90
90
90
90
90
90
89
89
90
89
89
89
88
88
88
88
88
87
87
87
87
87
87
87
87
86
86
86
86
86
85
85
85
85
85
85
84
84
85
83
84
84
84
84
84
84
84
83
84
83
82
82
81
83
83
82
82
82
81
82
82
81
81
81
81
81
81
80
81
81
81
80
81
80
79
79
80
80
80
79
79
79
79
79
79
79
79
78
78
79
79
78
78
78
78
78
77
78
78
78
77
78
77
77
77
77
77
77
77
77
77
77
76
76
76
76
76
76
76
75
75
76
76
75
76
75
75
75
75
75
75
75
75
75
75
75
75
74
74
74
74
74
74
74
74
74
74
74
74
74
73
73
73
74
73
73
73
73
74
73
73
73
73
72
73
73
73
73
72
73
72
72
72
72
72
72
72
72
72
72
72
72
72
72
72
72
72
71
71
71
72
72
71
71
71
71
71
70
71
70
72
71
71
71
71
71
71
70
70
71
71
70
70
70
71
70
70
70
71
70
70
70
70
70
71
70
69
